"Plot" "Treeno" "Species" "x" "y" "dbh" "d.end" "dratio" "baf1" "baf2" "AGR" "RGR" "AGR.g" "RGR.g" "period" "year" "xmax" "ymax"
"1" 4000 7 1 9.8 3.3 17.8 19.1 0.477211796246649 0.304863284265084 0.153174220562507 0.65 0.0352449388772724 0.00188377749490878 0.0704898777545447 2 29 34 38
"2" 4000 8 1 4.5 4.3 19.5 21.8 0.515873015873016 0.205774827276361 0.141129845767936 1.15 0.0557477521126711 0.00373024857705618 0.111495504225342 2 29 34 38
"3" 4000 9 1 1.1 4.7 15.1 15.8 0.436416184971098 0.405676502246696 0.152601658096355 0.350000000000001 0.0226575981060212 0.000849408113714341 0.0453151962120425 2 29 34 38
"4" 4000 10 1 3.9 6.7 16.9 18.2 0.464285714285714 0.440451861045637 0.156247529071833 0.65 0.0370539860768609 0.00179188590979128 0.0741079721537219 2 29 34 38
"5" 4000 11 1 15.8 7.5 14 15.2 0.43343653250774 0.425418683158941 0.191246949385425 0.6 0.041119049118486 0.00137601758227233 0.082238098236972 2 29 34 38
"6" 4000 12 1 13.6 9.7 18.3 20.2 0.484126984126984 0.219268258573172 0.17011776248788 0.949999999999999 0.0493907722798919 0.00287259378262617 0.0987815445597838 2 29 34 38
"7" 4000 13 1 2.7 12.8 15.1 15.1 0.385204081632653 0.303545627503053 0.171904475361529 0 0 0 0 2 29 34 38
"8" 4000 14 1 14 13.2 14.8 15.9 0.447129909365559 0.392027367951246 0.195899497034339 0.55 0.0358459642280582 0.00132614479889659 0.0716919284561163 2 29 34 38
"9" 4000 15 1 12 13.4 11.6 11.8 0.387959866220736 0.417232706600587 0.221061861786716 0.100000000000001 0.00854721667965013 0.000183783170235005 0.0170944333593003 2 29 34 38
"10" 4000 16 1 10.2 14.8 16.6 18.4 0.475644699140401 0.288348816734113 0.184334516408475 0.899999999999999 0.0514739846262211 0.00247400421470196 0.102947969252442 2 29 34 38
"11" 4000 17 1 3.1 14.8 13.6 14.9 0.360742705570292 0.365425518079618 0.18710395182041 0.65 0.0456457101047036 0.00145495009769377 0.091291420209407 2 29 34 38
"12" 4000 18 1 8.6 15.6 19.5 20.8 0.447247706422018 0.305911943595937 0.168495831661551 0.65 0.0322692605687856 0.00205735048901962 0.0645385211375712 2 29 34 38
"13" 4000 19 1 4.9 15.8 15.9 16.3 0.3975 0.377995347391695 0.180744053000085 0.2 0.0124229992932654 0.000505796417227956 0.0248459985865308 2 29 34 38
"14" 4000 20 1 4.1 16.8 12.9 13.1 0.348648648648649 0.459226950794178 0.199680105052596 0.0999999999999996 0.00769245941973973 0.000204203522483338 0.0153849188394795 2 29 34 38
"15" 4000 21 1 14.8 17 20.4 20.5 0.390057361376673 0.353061361333278 0.170860019640639 0.0500000000000007 0.00244499264709589 0.000160613924414778 0.00488998529419182 2 29 34 38
"16" 4000 22 1 13.6 19.8 12.8 12.5 0.286353467561521 0.537011387725211 0.219597073997658 -0.15 -0.011858263308658 -0.000298058603009331 -0.023716526617316 2 29 34 38
"17" 4000 23 1 7.9 20.4 15.5 16.6 0.391414141414141 0.484843740839676 0.19223802526798 0.550000000000001 0.0342813357186483 0.0013866204574782 0.0685626714372967 2 29 34 38
"18" 4000 24 1 5.1 20.6 24.1 25.9 0.469785575048733 0.228095219265348 0.151831609134663 0.899999999999999 0.0360155641044414 0.00353429173528852 0.0720311282088827 2 29 34 38
"19" 4000 25 1 5.1 20.8 20.9 22.6 0.464444444444444 0.907551670251533 0.163588369928628 0.850000000000001 0.0391003736537375 0.00290400970916207 0.078200747307475 2 29 34 38
"20" 4000 26 1 2.1 21.4 16.1 17.4 0.400497512437811 0.455656839574911 0.172282851320148 0.649999999999999 0.0388254671150329 0.00171020450079794 0.0776509342300659 2 29 34 38
"21" 4000 27 1 16.2 22.6 31.9 33.3 0.51869918699187 0.203631127109668 0.142811748597616 0.699999999999999 0.0214756935977996 0.00358455721774594 0.0429513871955991 2 29 34 38
"22" 4000 28 1 12.2 22.6 19.3 20.8 0.376953125 0.42854401315937 0.178298650644504 0.75 0.0374239453982162 0.00236208497641783 0.0748478907964325 2 29 34 38
"23" 4000 29 1 8.6 24 13.9 14.2 0.365789473684211 0.401433103563862 0.205312781556753 0.149999999999999 0.0106765622352844 0.000331045325872021 0.0213531244705687 2 29 34 38
"24" 4000 30 1 5.5 25.8 21.9 23.6 0.476086956521739 0.310277009811806 0.157825751086294 0.850000000000001 0.0373800376045547 0.00303752739693964 0.0747600752091095 2 29 34 38
"25" 4000 31 1 4.9 26 15.8 16 0.395989974937343 0.35942042237312 0.184745170721398 0.0999999999999996 0.00628939110342998 0.000249756615960389 0.0125787822068601 2 29 34 38
"26" 4000 32 1 13.4 28.3 26.4 27.8 0.471428571428571 0.323217644654377 0.153233269377209 0.700000000000001 0.0258360052721605 0.00297980063192993 0.051672010544321 2 29 34 38
"27" 4000 33 1 10.6 28.5 18.1 18.3 0.379454926624738 0.359091167850707 0.179931651445511 0.0999999999999996 0.00549456078779758 0.000285884931476669 0.0109891215755951 2 29 34 38
"28" 4000 34 1 2.7 28.9 14.9 14.9 0.353919239904988 0.624030701208392 0.178525838310683 0 0 0 0 2 29 34 38
"29" 4000 35 1 0.1 28.3 13.5 13.5 0.331695331695332 0.585237420281844 0.177831332320896 0 0 0 0 2 29 34 38
"30" 4000 36 1 1.5 30.3 27.2 29.2 0.537549407114625 0.242305122056609 0.126659866699051 1 0.0354758679861422 0.0044296456415616 0.0709517359722844 2 29 34 38
"31" 4000 37 1 9.8 31.3 11.2 11.1 0.323699421965318 0.504341677883142 0.22238750840361 -0.0499999999999998 -0.00448433499138019 -8.75718952188147e-05 -0.00896866998276033 2 29 34 38
"32" 4000 38 1 14.8 31.5 22 23.4 0.426356589147287 0.551875668293139 0.168458075978197 0.699999999999999 0.0308467845026699 0.00249599536327709 0.0616935690053398 2 29 34 38
"33" 4000 39 1 14.2 33.1 29.6 31.8 0.558490566037736 0.230398201945977 0.140922429369191 1.1 0.0358459642280582 0.00530457919558636 0.0716919284561163 2 29 34 38
"35" 4000 41 1 7.3 33.9 23.4 25.4 0.462450592885376 0.281653817091443 0.161687840950165 1 0.0410065758304175 0.00383274303737955 0.0820131516608353 2 29 34 38
"36" 4000 42 1 6.3 34.7 13.7 13.9 0.369272237196766 0.692542503558475 0.187645667542932 0.100000000000001 0.00724650365128341 0.0002167698930977 0.0144930073025672 2 29 34 38
"37" 4000 43 1 3.1 34.7 20.1 22.3 0.462068965517241 0.349128214224764 0.156188899936369 1.1 0.0519334317005215 0.0036630970340857 0.103866863401043 2 29 34 38
"38" 4000 44 1 14.8 35.3 24.6 25.8 0.453874538745387 0.465171932925725 0.133442463437913 0.6 0.0238140244946273 0.00237504404611388 0.0476280489892545 2 29 34 38
"39" 4000 45 1 13 36.3 15 15.4 0.336322869955157 0.501851353314932 0.188602881997467 0.2 0.0131586541586867 0.000477522083345649 0.0263173083173735 2 29 34 38
"40" 4000 46 1 2.9 37.1 14 14.6 0.374331550802139 0.375071606632557 0.189469435765429 0.3 0.0209820995495161 0.000673871624195009 0.0419641990990321 2 29 34 38
"41" 4000 47 1 28.3 37.7 14.4 14.3 0.328767123287671 0.362278097726802 0.166220313527433 -0.0499999999999998 -0.00348433465804666 -0.000112704636447533 -0.0069686693160933 2 29 34 38
"42" 4000 48 1 30.9 37.7 17.8 19.5 0.377118644067797 0.282732639180242 0.169249509167203 0.85 0.0456080041358308 0.00249010487705161 0.0912160082716617 2 29 34 38
"43" 4000 49 1 26.5 37.3 26.2 27.7 0.471223021582734 0.307488384907622 0.130662067190664 0.75 0.0278365012131208 0.00317497207553417 0.0556730024262414 2 29 34 38
"44" 4000 50 1 21.2 36.1 29.4 31.5 0.498305084745763 0.249053267579547 0.139169595598701 1.05 0.0344964357434757 0.00502222855584499 0.0689928714869516 2 29 34 38
"45" 4000 51 1 27.5 36.1 27.2 28.7 0.480565371024735 0.281916022245306 0.149271666139379 0.75 0.0268400747318119 0.00329278180004379 0.0536801494636236 2 29 34 38
"46" 4000 52 1 27.1 35.1 20.7 21 0.413173652694611 0.33093836084574 0.162507904958606 0.15 0.00719436872604984 0.000491266551205103 0.0143887374520995 2 29 34 38
"47" 4000 53 1 18 34.5 10.9 11.1 0.270471464019851 0.575091986570194 0.231135468505663 0.0999999999999996 0.00909115954159516 0.000172787595947439 0.0181823190831904 2 29 34 38
"48" 4000 54 1 19 34.1 13 13 0.306603773584906 0.570586162775805 0.22356534444539 0 0 0 0 2 29 34 38
"49" 4000 55 1 19 33.5 23.4 24.7 0.443181818181818 0.401043463314061 0.169626848116944 0.65 0.0270336106351379 0.00245554735786213 0.0540672212702759 2 29 34 38
"50" 4000 56 1 20.8 33.3 15.5 15.7 0.345211581291759 0.533793513405073 0.213820581615148 0.0999999999999996 0.00641034421453073 0.000245044226980004 0.0128206884290614 2 29 34 38
"51" 4000 57 1 25.2 32.7 26.4 27.2 0.473118279569892 0.311194400293124 0.16543723903376 0.4 0.0149264815748406 0.00168389366232413 0.0298529631496811 2 29 34 38
"52" 4000 58 1 21.6 32.5 10.6 11 0.265 0.580020876858201 0.247854656811569 0.2 0.0185206358401745 0.000339292006587698 0.0370412716803491 2 29 34 38
"53" 4000 59 1 18.6 31.7 25.1 26.9 0.458866544789762 0.339446295422544 0.17214357905801 0.899999999999999 0.0346292202350276 0.00367566340470005 0.0692584404700551 2 29 34 38
"54" 4000 60 1 19 31.7 21.8 23 0.42578125 0.352741728351314 0.183460523375049 0.6 0.0267921230670531 0.00211115026321234 0.0535842461341064 2 29 34 38
"55" 4000 61 1 20.4 31.3 23.9 25.1 0.448405253283302 0.338552389815505 0.176145423233093 0.600000000000001 0.0244946936001367 0.0023090706003885 0.0489893872002733 2 29 34 38
"56" 4000 62 1 22 31.3 17.4 17.9 0.371794871794872 0.39678039928951 0.212480547025861 0.25 0.014165253313113 0.000693113879198249 0.0283305066262261 2 29 34 38
"57" 4000 63 1 26.3 31.3 27.1 28 0.479646017699115 0.268868570249766 0.167060554688784 0.449999999999999 0.0163353911447743 0.00194739474614397 0.0326707822895488 2 29 34 38
"58" 4000 64 1 21.4 30.9 12.4 12.9 0.296650717703349 0.455894105881862 0.227062041005972 0.25 0.0197654193783176 0.000496764338348886 0.0395308387566353 2 29 34 38
"59" 4000 65 1 20 30.7 13.6 13.8 0.316279069767442 0.423319609165841 0.237126925009584 0.100000000000001 0.00729939971057643 0.0002151990967709 0.0145987994211527 2 29 34 38
"60" 4000 66 1 27.5 29.7 17.8 19.1 0.384449244060475 0.301205687160362 0.205390519397749 0.65 0.0352449388772724 0.00188377749490878 0.0704898777545447 2 29 34 38
"61" 4000 67 1 23 28.5 22.4 23.4 0.432432432432432 0.281013783467985 0.164079003422617 0.5 0.0218375317513308 0.00179856179418016 0.0436750635026615 2 29 34 38
"62" 4000 68 1 29.1 27.4 23.4 25 0.450867052023121 0.317744964512764 0.176025604626284 0.800000000000001 0.0330699012522725 0.00304106168867492 0.0661398025045451 2 29 34 38
"63" 4000 69 1 20.4 26.8 12.5 NA 0.281531531531532 0.445135900416128 0.218656501112559 NA NA NA NA 2 29 34 38
"64" 4000 70 1 21.6 26.6 24.1 24.4 0.430357142857143 0.302760799378879 0.176609795139422 0.149999999999999 0.00618564590127341 0.00057137716387164 0.0123712918025468 2 29 34 38
"65" 4000 71 1 29.1 26.6 11.4 12.1 0.285714285714286 0.478835508965737 0.264095865196206 0.35 0.0297960486011228 0.000645989989394401 0.0595920972022457 2 29 34 38
"66" 4000 72 1 18.6 26.4 14.6 14.2 0.313978494623656 0.467692571327098 0.201600963884717 -0.2 -0.0138897820535379 -0.000452389342116931 -0.0277795641070758 2 29 34 38
"67" 4000 73 1 21.2 25.8 12.2 12.3 0.276643990929705 0.450693522508412 0.244972241567363 0.0500000000000007 0.00408165531958053 9.62112750161892e-05 0.00816331063916113 2 29 34 38
"68" 4000 74 1 22.2 25.6 23.6 25.5 0.425225225225225 0.306203964747434 0.178284111016338 0.949999999999999 0.038715870066408 0.00366348973316739 0.077431740132816 2 29 34 38
"69" 4000 75 1 19.6 25.4 12.7 13.3 0.2847533632287 0.506033426064122 0.244695177086276 0.300000000000001 0.0230810208815813 0.00061261056745001 0.0461620417631625 2 29 34 38
"70" 4000 76 1 24 24.6 19.5 20.4 0.379377431906615 0.309257928102551 0.1934579800326 0.449999999999999 0.0225602176402347 0.00141018240238011 0.0451204352804694 2 29 34 38
"71" 4000 77 1 23.4 23.8 21.3 21.3 0.400375939849624 0.309857712522072 0.178477996262365 0 0 0 0 2 29 34 38
"72" 4000 78 1 26.3 23.2 11.3 11.2 0.28391959798995 0.427507428006093 0.248976918671757 -0.0500000000000007 -0.00444447370862308 -8.83572933822142e-05 -0.00888894741724614 2 29 34 38
"73" 4000 79 1 32.7 23.2 28.5 31.5 0.481418918918919 0.189526972944469 0.152124586101448 1.5 0.0500417292784913 0.00706858347057704 0.100083458556983 2 29 34 38
"74" 4000 80 1 21.6 22.8 12.3 12.3 0.278280542986425 0.468668277020764 0.203354137881876 0 0 0 0 2 29 34 38
"75" 4000 81 1 26.9 22.8 24.1 26 0.458174904942966 0.306023163554011 0.173161135023385 0.949999999999999 0.0379423487624363 0.00373810255869016 0.0758846975248727 2 29 34 38
"76" 4000 82 1 31.5 22 19.5 18.1 0.40625 0.576726006984512 0.177902292831121 -0.699999999999999 -0.0372512636489605 -0.00206716796606208 -0.0745025272979211 2 29 34 38
"77" 4000 83 1 29.1 21 11.3 11.5 0.28391959798995 0.516943416869292 0.212564981228008 0.0999999999999996 0.00877215482545476 0.000179070781254618 0.0175443096509095 2 29 34 38
"78" 4000 84 1 20.8 20.8 20.8 22 0.394686907020873 0.375460083122123 0.165854147862766 0.6 0.0280447333255218 0.00201690248360464 0.0560894666510434 2 29 34 38
"79" 4000 85 1 21.2 20 27.9 29 0.466555183946488 0.30524579013063 0.152341182198486 0.550000000000001 0.0193345705795771 0.00245790355235232 0.0386691411591542 2 29 34 38
"80" 4000 86 1 29.7 17.8 17.2 19.6 0.37636761487965 0.352241259220047 0.190172804542382 1.2 0.0653100912085321 0.00346831828956314 0.130620182417064 2 29 34 38
"81" 4000 87 1 27.7 17 14.9 15 0.326754385964912 0.374612176087041 0.186575814387611 0.0499999999999998 0.00334449407539824 0.00011741702542792 0.00668898815079669 2 29 34 38
"82" 4000 88 1 21 13.8 24.1 26.1 0.43978102189781 0.313901226092873 0.148484885710251 1 0.0398617369160192 0.00394269878025519 0.0797234738320383 2 29 34 38
"83" 4000 89 1 21.2 11.2 26.6 28.5 0.464223385689354 0.330984014561815 0.145398882042559 0.949999999999999 0.0344964357434757 0.00411116668630394 0.0689928714869513 2 29 34 38
"84" 4000 90 1 27.9 10.8 25.7 23.8 0.455673758865248 0.484958193934034 0.151694028007785 -0.949999999999999 -0.0384027056118725 -0.0036933348633765 -0.076805411223745 2 29 34 38
"85" 4000 91 1 25.9 10.4 30.7 31.7 0.592664092664093 0.197694340431258 0.132045273813065 0.5 0.0160270131450417 0.00245044226980004 0.0320540262900835 2 29 34 38
"86" 4000 92 1 25.2 9.7 12.5 12.6 0.289351851851852 0.90784856185086 0.212100916830962 0.0499999999999998 0.00398408482458844 9.85674695063799e-05 0.00796816964917691 2 29 34 38
"87" 4000 93 1 24 9.5 19.6 20 0.389662027833002 0.548581087320714 0.170290494400299 0.199999999999999 0.0101013536587597 0.000622035345410778 0.0202027073175194 2 29 34 38
"88" 4000 94 1 28.1 8.3 17.2 17.8 0.359081419624217 0.50199989203417 0.178305146096745 0.300000000000001 0.0171445367393161 0.000824668071567324 0.0342890734786322 2 29 34 38
"89" 4000 95 1 32.1 8.5 12.4 12.5 0.370149253731343 0.384671894962684 0.208982076939508 0.0499999999999998 0.00401608584863213 9.7782071342983e-05 0.00803217169726433 2 29 34 38
"90" 4000 96 1 29.7 7.7 16.3 17.2 0.435828877005348 0.368148022895932 0.16665080136487 0.449999999999999 0.0268721380033453 0.00118398773132165 0.0537442760066906 2 29 34 38
"91" 4000 97 1 31.5 7.5 12.5 12.5 0.37202380952381 0.427271883662424 0.201234388330815 0 0 0 0 2 29 34 38
"92" 4000 98 1 26.5 6.7 15.5 16 0.335497835497835 0.482813124537422 0.172358989245922 0.25 0.0158743491572901 0.00061850105367549 0.0317486983145802 2 29 34 38
"94" 4000 100 1 30.3 5.5 20.9 22.5 0.497619047619048 0.448454491554332 0.153268311652058 0.800000000000001 0.0368830751198046 0.00272690242331594 0.0737661502396092 2 29 34 38
"95" 4000 101 1 20 5.3 22.6 24.3 0.473794549266247 0.339190922323972 0.14774241705248 0.85 0.0362632220341313 0.00313098977838392 0.0725264440682625 2 29 34 38
"96" 4000 102 1 19.8 4.7 17.8 18 0.414918414918415 0.397158266785889 0.161757348697603 0.0999999999999996 0.00558665029906263 0.000281172542496284 0.0111733005981251 2 29 34 38
"97" 4000 103 1 28.1 4.7 13.7 13.7 0.39367816091954 0.491845178721319 0.195111225123436 0 0 0 0 2 29 34 38
"98" 4000 104 1 30.5 3.5 21.1 22.7 0.407335907335907 0.287640580627471 0.149965069746303 0.799999999999999 0.036545942002668 0.00275203516454465 0.073091884005336 2 29 34 38
"99" 4000 105 1 22.4 1.7 25.1 26.3 0.543290043290043 0.218578534381953 0.129176418289049 0.6 0.0233505465229903 0.00242216793591774 0.0467010930459807 2 29 34 38
"100" 4000 106 1 30.9 1.7 19.6 20.2 0.481572481572482 0.479212161272676 0.142382515337618 0.299999999999999 0.0150765190853437 0.000937765407096549 0.0301530381706874 2 29 34 38
"101" 4000 107 1 28.3 0.3 19.5 19.9 0.480295566502463 0.351324508120806 0.144163870863064 0.199999999999999 0.0101526330803728 0.000618893752757184 0.0203052661607454 2 29 34 38
"102" 4000 108 1 31.1 0.1 14.8 15 0.412256267409471 0.424675780320867 0.157633589815987 0.0999999999999996 0.00671151016607028 0.000234048652692437 0.0134230203321406 2 29 34 38
"103" 4000 109 1 8.3 10.6 11.5 12.2 0.385906040268456 0.367981057173028 0.218481465634604 0.35 0.0295444581850032 0.000651487776538183 0.0590889163700065 2 29 34 38
"104" 4000 110 1 7.1 24.6 11.4 12 0.32112676056338 0.461072903487774 0.215583039934826 0.3 0.0256466471937752 0.000551349510705008 0.0512932943875505 2 29 34 38
"105" 4000 111 1 7.5 3.7 11.5 11.7 0.370967741935484 0.488049953067255 0.191182572206039 0.0999999999999996 0.00862090321725298 0.000182212373908207 0.0172418064345059 2 29 34 38
"106" 4000 112 1 10.6 5.5 11.3 11.8 0.381756756756757 0.378189607680469 0.197320767560414 0.25 0.0216484028766621 0.000453567439362027 0.0432968057533243 2 29 34 38
"107" 4000 113 1 13 5.5 10.5 10.8 0.364583333333333 0.428652919603176 0.206108326337894 0.15 0.0140854384833482 0.000250934713205486 0.0281708769666964 2 29 34 38
"108" 4000 114 1 15 5.3 11.2 11.9 0.379661016949152 0.399556878941544 0.207134250621425 0.350000000000001 0.0303123109082174 0.000634994415106838 0.060624621816435 2 29 34 38
"109" 4000 115 1 11.4 8.3 11.2 12.2 0.379661016949152 0.51272361670767 0.215621340873737 0.5 0.042761086719081 0.000918915851175015 0.0855221734381621 2 29 34 38
"110" 4000 116 1 5.3 7.5 10.9 11.7 0.358552631578947 0.485270487230345 0.220569416546291 0.399999999999999 0.0354130262843062 0.000709999939711293 0.0708260525686123 2 29 34 38
"111" 4000 117 1 7.9 10.6 11.2 11.8 0.379661016949152 0.360949512533009 0.219359107588602 0.300000000000001 0.0260928765852851 0.000541924732744241 0.0521857531705704 2 29 34 38
"112" 4000 118 1 5.7 17.2 11.6 11.9 0.324929971988795 0.512656714824911 0.215547539949773 0.15 0.0127666510025824 0.000276852852597602 0.0255333020051649 2 29 34 38
"113" 4000 119 1 1.9 24 10.5 10.7 0.303468208092486 0.471187361385429 0.239306656189793 0.0999999999999996 0.00943424215219137 0.000166504410640259 0.0188684843043828 2 29 34 38
"114" 4000 120 1 16.2 25.2 11.6 12.1 0.266666666666667 0.665994284582664 0.223048122146667 0.25 0.0211001772451882 0.000465348411812989 0.0422003544903765 2 29 34 38
"115" 4000 121 1 1.5 35.1 12.1 13.3 0.307888040712468 0.460509754910459 0.18359290029727 0.600000000000001 0.0472792913125064 0.00119694680101771 0.0945585826250128 2 29 34 38
"116" 4000 122 1 26.9 36.5 11.2 11.7 0.275862068965517 0.459582420141461 0.220868170295826 0.25 0.0218375317513308 0.000449640448545039 0.0436750635026615 2 29 34 38
"117" 4000 123 1 27.7 36.7 10.7 10.9 0.266832917705736 0.442142460992081 0.191580686786968 0.100000000000001 0.00925952388361877 0.000169646003293849 0.0185190477672375 2 29 34 38
"118" 4000 124 1 33.1 37.1 12.8 12.7 0.303317535545024 0.303815257898968 0.208868240419985 -0.0500000000000007 -0.003921588730513 -0.000100138265833174 -0.00784317746102584 2 29 34 38
"119" 4000 125 1 21 31.3 10.6 10.7 0.265 0.511325236319194 0.2353916631531 0.0499999999999998 0.00469487017491946 8.36449044018285e-05 0.00938974034983904 2 29 34 38
"120" 4000 126 1 21.8 29.1 11.6 11.8 0.282926829268293 0.410352579179933 0.197717227318217 0.100000000000001 0.00854721667965013 0.000183783170235005 0.0170944333593003 2 29 34 38
"121" 4000 127 1 18.4 23 13.9 14.3 0.303493449781659 0.647603969289355 0.226187272231628 0.2 0.0141853485646078 0.00044296456415616 0.0283706971292155 2 29 34 38
"122" 4000 128 1 24 12.8 11.3 12.4 0.269047619047619 0.617626899176084 0.228552727178731 0.55 0.0464468734463481 0.00102376650598857 0.0928937468926962 2 29 34 38
"123" 4000 129 1 21 9.7 10.6 11 0.256658595641647 0.515481481627774 0.227036329722848 0.2 0.0185206358401745 0.000339292006587698 0.0370412716803491 2 29 34 38
"124" 4000 130 1 22.1 3.8 10.9 11.5 0.302777777777778 0.662748212304298 0.206336832664914 0.3 0.0267921230670531 0.000527787565803086 0.0535842461341064 2 29 34 38
"125" 4000 131 1 7.3 30.3 10.4 10.5 0.307692307692308 0.523822721827183 0.272876682594756 0.0499999999999998 0.00478472550807534 8.20741080750321e-05 0.00956945101615057 2 29 34 38
"126" 4000 7 1 9.8 3.3 19.1 20 0.466992665036675 0.311178356398721 0.150245070856011 0.3 0.0153479795004689 0.000921272045665207 0.0306959590009379 3 31 34 38
"210" 4000 8 1 4.5 4.3 21.8 23.7 0.519047619047619 0.204470869855987 0.135594868107987 0.633333333333333 0.0278550261153474 0.00226325570752365 0.0557100522306948 3 31 34 38
"34" 4000 9 1 1.1 4.7 15.8 15.7 0.420212765957447 0.419324969776681 0.151625590153621 -0.0333333333333338 -0.00211640922621963 -8.24668071567313e-05 -0.00423281845243912 3 31 34 38
"410" 4000 10 1 3.9 6.7 18.2 19.5 0.455 0.448763006358203 0.153040057994555 0.433333333333334 0.0229976238289838 0.00128307879960363 0.0459952476579677 3 31 34 38
"510" 4000 11 1 15.8 7.5 15.2 16 0.429378531073446 0.428952222817183 0.1864238410257 0.266666666666667 0.0170977647958502 0.000653451271946678 0.0341955295917004 3 31 34 38
"610" 4000 12 1 13.6 9.7 20.2 22 0.480952380952381 0.220666582319827 0.164441239539104 0.6 0.0284532829837189 0.00198862814972234 0.0569065659674379 3 31 34 38
"710" 4000 13 1 2.7 12.8 15.1 15.1 0.368292682926829 0.314677247059221 0.174731017550902 0 0 0 0 3 31 34 38
"810" 4000 14 1 14 13.2 15.9 16.6 0.440443213296399 0.397373427342454 0.191843309224906 0.233333333333334 0.0143611953787706 0.000595593607243066 0.0287223907575412 3 31 34 38
"93" 4000 15 1 12 13.4 11.8 11.2 0.36875 0.434626773630551 0.222669504615606 -0.2 -0.0173952510568568 -0.000361283155162827 -0.0347905021137136 3 31 34 38
"1010" 4000 16 1 10.2 14.8 18.4 19.7 0.476683937823834 0.287748750169094 0.177720091668783 0.433333333333334 0.0227559903763343 0.00129669236776919 0.0455119807526685 3 31 34 38
"1110" 4000 17 1 3.1 14.8 14.9 16.6 0.365196078431373 0.361923307454239 0.181497311859823 0.566666666666667 0.0360138274703614 0.00140193572166445 0.0720276549407228 3 31 34 38
"127" 4000 18 1 8.6 15.6 20.8 20.8 0.445396145610278 0.30706013198005 0.165675194663498 0 0 0 0 3 31 34 38
"131" 4000 19 1 4.9 15.8 16.3 16.6 0.386255924170616 0.387019257149274 0.181366559846327 0.1 0.006079195849927 0.000258395995757761 0.012158391699854 3 31 34 38
"141" 4000 20 1 4.1 16.8 13.1 13.1 0.335897435897436 0.472419630705714 0.201326567928638 0 0 0 0 3 31 34 38
"151" 4000 21 1 14.8 17 20.5 20.4 0.381040892193309 0.359844707711806 0.172865873154783 -0.0333333333333338 -0.00162999509806397 -0.000107075949609852 -0.00325999019612786 3 31 34 38
"161" 4000 22 1 13.6 19.8 12.5 NA 0.27292576419214 0.555213795886532 0.225286353274879 NA NA NA NA 3 31 34 38
"171" 4000 23 1 7.9 20.4 16.6 17.7 0.390588235294118 0.485685300134804 0.188511696043798 0.366666666666666 0.0213873147390953 0.000987769090166189 0.0427746294781905 3 31 34 38
"181" 4000 24 1 5.1 20.6 25.9 26.5 0.47005444646098 0.227972150373797 0.148754406910193 0.2 0.0076339214288948 0.000823097275240527 0.0152678428577896 3 31 34 38
"191" 4000 25 1 5.1 20.8 22.6 23.5 0.465979381443299 0.904756359909372 0.159765482507917 0.3 0.0130168382906243 0.00108620565997867 0.0260336765812486 3 31 34 38
"201" 4000 26 1 2.1 21.4 17.4 18.1 0.401847575057737 0.454378285197731 0.168236585956552 0.233333333333334 0.0131472440170989 0.000650571478680888 0.0262944880341979 3 31 34 38
"211" 4000 27 1 16.2 22.6 33.3 34.5 0.511520737327189 0.206578487981522 0.141320871202262 0.400000000000001 0.0118006423503053 0.00212999981913388 0.0236012847006106 3 31 34 38
"221" 4000 28 1 12.2 22.6 20.8 21.6 0.384473197781885 0.421763696143487 0.173944334973179 0.266666666666667 0.0125801093276157 0.000888023523414714 0.0251602186552313 3 31 34 38
"231" 4000 29 1 8.6 24 14.2 14.8 0.354114713216958 0.411734986236922 0.20606200076956 0.2 0.0137950720542848 0.000455530934770523 0.0275901441085697 3 31 34 38
"241" 4000 30 1 5.5 25.8 23.6 25.2 0.476767676767677 0.309853933757896 0.154192583448928 0.533333333333333 0.0218657608286044 0.00204412961993576 0.0437315216572088 3 31 34 38
"251" 4000 31 1 4.9 26 16 16.1 0.381861575178998 0.370265001392979 0.186390625891042 0.0333333333333338 0.00207684991687872 8.4037603483528e-05 0.00415369983375743 3 31 34 38
"261" 4000 32 1 13.4 28.3 27.8 30.2 0.466442953020134 0.326469287264749 0.151073394561041 0.799999999999999 0.0276019678947442 0.00364424747816415 0.0552039357894883 3 31 34 38
"271" 4000 33 1 10.6 28.5 18.3 18 0.365269461077844 0.370157173667051 0.181329094852286 -0.1 -0.00550976731707019 -0.000285099533313274 -0.0110195346341404 3 31 34 38
"281" 4000 34 1 2.7 28.9 14.9 NA 0.337868480725624 0.646566099979418 0.181242056919887 NA NA NA NA 3 31 34 38
"291" 4000 35 1 0.1 28.3 13.5 13 0.31615925058548 0.606371891095923 0.180553187687133 -0.166666666666667 -0.0125801093276157 -0.000346884188833873 -0.0251602186552313 3 31 34 38
"301" 4000 36 1 1.5 30.3 29.2 29.9 0.534798534798535 0.24364895364031 0.124003371128829 0.233333333333333 0.00789659037413489 0.00108306406732508 0.0157931807482698 3 31 34 38
"311" 4000 37 1 9.8 31.3 11.1 NA 0.304109589041096 0.527814492235507 0.226469086711012 NA NA NA NA 3 31 34 38
"321" 4000 38 1 14.8 31.5 23.4 23.5 0.423913043478261 0.554641501633726 0.165277980158596 0.0333333333333338 0.00142146626215251 0.000122783912877802 0.00284293252430503 3 31 34 38
"331" 4000 39 1 14.2 33.1 31.8 33.6 0.555944055944056 0.231590270836788 0.137627964916814 0.6 0.0183532590610091 0.00308190239317159 0.0367065181220183 3 31 34 38
"351" 4000 41 1 7.3 33.9 25.4 25.5 0.465201465201465 0.280100371901458 0.157141224503821 0.0333333333333338 0.00130975937996319 0.000133255888389766 0.00261951875992636 3 31 34 38
"361" 4000 42 1 6.3 34.7 13.9 13.7 0.353689567430025 0.716321927508132 0.189045614804441 -0.066666666666667 -0.00483100243418895 -0.000144513262065134 -0.0096620048683781 3 31 34 38
"371" 4000 43 1 3.1 34.7 22.3 23.2 0.467505241090147 0.345334107128524 0.150341068777648 0.3 0.0131885334020637 0.00107206849303751 0.0263770668041274 3 31 34 38
"381" 4000 44 1 14.8 35.3 25.8 25 0.447916666666667 0.470802659943712 0.13234615666806 -0.266666666666667 -0.010499555686457 -0.00106395271201574 -0.020999111372914 3 31 34 38
"391" 4000 45 1 13 36.3 15.4 15.1 0.326271186440678 0.513367147835964 0.188593412985429 -0.1 -0.00655758853290163 -0.000239546439836223 -0.0131151770658033 3 31 34 38
"401" 4000 46 1 2.9 37.1 14.6 14 0.365 0.382657921620679 0.188011707584122 -0.2 -0.013988066366344 -0.00044924774946334 -0.0279761327326881 3 31 34 38
"411" 4000 47 1 28.3 37.7 14.3 NA 0.312227074235808 0.37630233888418 0.169334700941416 NA NA NA NA 3 31 34 38
"421" 4000 48 1 30.9 37.7 19.5 21 0.382352941176471 0.27960842572368 0.163661882397091 0.5 0.0247026573845739 0.00159043128087983 0.0494053147691478 3 31 34 38
"431" 4000 49 1 26.5 37.3 27.7 28.1 0.467905405405405 0.309543071865677 0.128761826175384 0.133333333333334 0.00477905438213575 0.000584336233567712 0.00955810876427168 3 31 34 38
"441" 4000 50 1 21.2 36.1 31.5 32.1 0.497630331753555 0.249389598951662 0.136138929424279 0.2 0.00628949476812765 0.000999026463841553 0.0125789895362552 3 31 34 38
"451" 4000 51 1 27.5 36.1 28.7 28.5 0.476744186046512 0.284082757154464 0.147193777086966 -0.0666666666666664 -0.00233101183032351 -0.000299498499642226 -0.00466202366064703 3 31 34 38
"461" 4000 52 1 27.1 35.1 21 20.1 0.4 0.340098133546594 0.163422981126532 -0.3 -0.0146008742194643 -0.000968395935469051 -0.0292017484389285 3 31 34 38
"471" 4000 53 1 18 34.5 11.1 NA 0.26056338028169 0.589889529273025 0.231908725242721 NA NA NA NA 3 31 34 38
"481" 4000 54 1 19 34.1 13 NA 0.292134831460674 0.59061278935334 0.226338992705777 NA NA NA NA 3 31 34 38
"491" 4000 55 1 19 33.5 24.7 24.2 0.439501779359431 0.404047576183576 0.166981868529296 -0.166666666666667 -0.00681687015709692 -0.000640099503168921 -0.0136337403141939 3 31 34 38
"501" 4000 56 1 20.8 33.3 15.7 15 0.332627118644068 0.548998207618549 0.215014673628797 -0.233333333333333 -0.0152035037506841 -0.000562606884380372 -0.0304070075013682 3 31 34 38
"511" 4000 57 1 25.2 32.7 27.2 26.2 0.463373083475298 0.317344442184445 0.16480238177337 -0.333333333333333 -0.0124858541783001 -0.00139800873084746 -0.0249717083566003 3 31 34 38
"521" 4000 58 1 21.6 32.5 11 10.9 0.258823529411765 0.589361588330006 0.246130757561564 -0.0333333333333332 -0.00304416118775749 -5.73340659280139e-05 -0.00608832237551503 3 31 34 38
"531" 4000 59 1 18.6 31.7 26.9 28 0.458262350936968 0.339859566034737 0.167966518977903 0.366666666666667 0.0133594078558035 0.00158100650291907 0.0267188157116071 3 31 34 38
"541" 4000 60 1 19 31.7 23 23.3 0.422018348623853 0.355469856602772 0.180595225419509 0.1 0.00431971488083504 0.000363639349653018 0.00863942976167014 3 31 34 38
"551" 4000 61 1 20.4 31.3 25.1 25.2 0.443462897526502 0.341955493634861 0.173688609584642 0.0333333333333326 0.00132538279321314 0.000131685092062972 0.00265076558642626 3 31 34 38
"561" 4000 62 1 22 31.3 17.9 18 0.362348178137652 0.404929978541656 0.211669666606013 0.0333333333333338 0.00185701501648514 9.39859802198938e-05 0.00371403003297024 3 31 34 38
"571" 4000 63 1 26.3 31.3 28 28.5 0.470588235294118 0.273796113578097 0.166030766856776 0.166666666666667 0.00589985903313362 0.000739583270532594 0.0117997180662672 3 31 34 38
"581" 4000 64 1 21.4 30.9 12.9 12.4 0.290540540540541 0.462659598362798 0.225186357924259 -0.166666666666667 -0.0131769462522117 -0.000331176225565924 -0.0263538925044235 3 31 34 38
"591" 4000 65 1 20 30.7 13.8 13.2 0.304635761589404 0.434990637121587 0.237676306289715 -0.2 -0.014817254190278 -0.000424115008234622 -0.0296345083805559 3 31 34 38
"601" 4000 66 1 27.5 29.7 19.1 19.6 0.377470355731225 0.305695701560027 0.199798041681092 0.166666666666667 0.00861374372796244 0.000506581815391355 0.0172274874559249 3 31 34 38
"611" 4000 67 1 23 28.5 23.4 22.7 0.426229508196721 0.284593721211154 0.162398445142058 -0.233333333333333 -0.0101236992920996 -0.000844826624427854 -0.0202473985841991 3 31 34 38
"621" 4000 68 1 29.1 27.4 25 25.8 0.442477876106195 0.323183699495598 0.171474354868042 0.266666666666667 0.010499555686457 0.00106395271201574 0.020999111372914 3 31 34 38
"641" 4000 70 1 21.6 26.6 24.4 23.4 0.422876949740035 0.30742559805932 0.158358669855564 -0.333333333333333 -0.0139490366451668 -0.00125140107367994 -0.0278980732903337 3 31 34 38
"651" 4000 71 1 29.1 26.6 12.1 12.4 0.277522935779817 0.488628659773993 0.25168641167114 0.1 0.00816367333609864 0.000192422550032374 0.0163273466721971 3 31 34 38
"661" 4000 72 1 18.6 26.4 14.2 13.7 0.298947368421053 0.484528695610236 0.234924942077486 -0.166666666666667 -0.0119487105910453 -0.000365210145979814 -0.0238974211820906 3 31 34 38
"671" 4000 73 1 21.2 25.8 12.3 NA 0.269736842105263 0.458601479160984 0.220000540455929 NA NA NA NA 3 31 34 38
"681" 4000 74 1 22.2 25.6 25.5 25.3 0.433673469387755 0.300970199510547 0.16956622375267 -0.0666666666666664 -0.00262468547696863 -0.000265988178003937 -0.00524937095393729 3 31 34 38
"691" 4000 75 1 19.6 25.4 13.3 14.2 0.285407725321888 0.505221728493201 0.239479727203928 0.3 0.0218259764598356 0.000647953484802893 0.0436519529196712 3 31 34 38
"701" 4000 76 1 24 24.6 20.4 19.6 0.379888268156425 0.308922712251891 0.189926338456911 -0.266666666666666 -0.0133351115378997 -0.000837758040957274 -0.0266702230757993 3 31 34 38
"711" 4000 77 1 23.4 23.8 21.3 20.9 0.39010989010989 0.31658409010899 0.184488402238501 -0.133333333333334 -0.00631930458153805 -0.000441917366604966 -0.0126386091630761 3 31 34 38
"721" 4000 78 1 26.3 23.2 11.2 10.7 0.262295081967213 0.451446949071635 0.249869353222208 -0.166666666666667 -0.0152233456110628 -0.000286670329640068 -0.0304466912221255 3 31 34 38
"731" 4000 79 1 32.7 23.2 31.5 34.2 0.498417721518987 0.183188675559495 0.150631934274502 0.900000000000001 0.0274126994123241 0.00464405934016911 0.054825398824648 3 31 34 38
"741" 4000 80 1 21.6 22.8 12.3 NA 0.269736842105263 0.478842107352736 0.232894101840588 NA NA NA NA 3 31 34 38
"751" 4000 81 1 26.9 22.8 26 27 0.452173913043478 0.309748345004957 0.140648135236469 0.333333333333333 0.0125801093276157 0.00138753675533549 0.0251602186552313 3 31 34 38
"761" 4000 82 1 31.5 22 18.1 19.1 0.36491935483871 0.629332849190554 0.198909660301707 0.333333333333333 0.0179254655936014 0.000973893722612835 0.0358509311872027 3 31 34 38
"771" 4000 83 1 29.1 21 11.5 11.5 0.267441860465116 0.538723793912354 0.230537034220737 0 0 0 0 3 31 34 38
"781" 4000 84 1 20.8 20.8 22 21.7 0.397830018083183 0.373001754190331 0.154564955159121 -0.1 -0.00457673093730067 -0.000343218997404686 -0.00915346187460136 3 31 34 38
"791" 4000 85 1 21.2 20 29 28.3 0.465489566613162 0.30590005910332 0.139964402709812 -0.233333333333333 -0.00814467511242734 -0.00105007734446238 -0.0162893502248546 3 31 34 38
"801" 4000 86 1 29.7 17.8 19.6 22.1 0.383561643835616 0.346903961768962 0.180583149447533 0.833333333333333 0.0400160140957452 0.00272925861780613 0.0800320281914904 3 31 34 38
"811" 4000 87 1 27.7 17 15 14.7 0.321199143468951 0.379393457412337 0.204435821786648 -0.1 -0.00673423577250649 -0.000233263254529043 -0.013468471545013 3 31 34 38
"821" 4000 88 1 21 13.8 26.1 27.4 0.451557093425606 0.306507935599629 0.139989270127101 0.433333333333332 0.0162025663551256 0.00182081474214308 0.0324051327102511 3 31 34 38
"831" 4000 89 1 21.2 11.2 28.5 29.5 0.473421926910299 0.324927037536195 0.140628348629824 0.333333333333333 0.0114953920237231 0.00151843644923506 0.0229907840474461 3 31 34 38
"841" 4000 90 1 27.9 10.8 23.8 22.8 0.428828828828829 0.512085912034201 0.159958716645171 -0.333333333333333 -0.0143083482390113 -0.00121998514714404 -0.0286166964780227 3 31 34 38
"851" 4000 91 1 25.9 10.4 31.7 32.1 0.582720588235294 0.201792719923908 0.137082707462818 0.133333333333334 0.00417978308424513 0.000668112037663426 0.00835956616849014 3 31 34 38
"861" 4000 92 1 25.2 9.7 12.6 12 0.284424379232506 0.918847815683024 0.209532638804417 -0.2 -0.0162633880564773 -0.000386415896391545 -0.0325267761129547 3 31 34 38
"871" 4000 93 1 24 9.5 20 19.9 0.386847195357834 0.551841442381553 0.169799905299297 -0.0333333333333338 -0.0016708472745148 -0.000104457955731864 -0.00334169454902962 3 31 34 38
"881" 4000 94 1 28.1 8.3 17.8 17.3 0.35959595959596 0.501439208657301 0.177162734574545 -0.166666666666667 -0.00949731859810205 -0.000459457925587507 -0.0189946371962041 3 31 34 38
"891" 4000 95 1 32.1 8.5 12.5 12.1 0.355113636363636 0.397390969625259 0.214419655525579 -0.133333333333333 -0.0108410639018534 -0.000257610597594363 -0.0216821278037067 3 31 34 38
"901" 4000 96 1 29.7 7.7 17.2 15.6 0.431077694235589 0.371726696497277 0.175907888379879 -0.533333333333333 -0.0325461565213053 -0.00137392318716993 -0.0650923130426106 3 31 34 38
"911" 4000 97 1 31.5 7.5 12.5 NA 0.355113636363636 0.443175778479034 0.190977228937405 NA NA NA NA 3 31 34 38
"921" 4000 98 1 26.5 6.7 16 16.4 0.335429769392034 0.482886838340931 0.177759539113289 0.133333333333333 0.00823087086345714 0.000339292006587696 0.0164617417269142 3 31 34 38
"941" 4000 100 1 30.3 5.5 22.5 22.1 0.497787610619469 0.448303328176222 0.140378991472959 -0.133333333333333 -0.0059792335622224 -0.000467050107833683 -0.0119584671244449 3 31 34 38
"951" 4000 101 1 20 5.3 24.3 25 0.480237154150198 0.334839216555695 0.14401622535624 0.233333333333333 0.00946649150723265 0.000903469687294866 0.0189329830144654 3 31 34 38
"961" 4000 102 1 19.8 4.7 18 17.6 0.406320541760722 0.404276380559427 0.166910919000152 -0.133333333333333 -0.00749095195068617 -0.000372802328225987 -0.0149819039013723 3 31 34 38
"971" 4000 103 1 28.1 4.7 13.7 NA 0.376373626373626 0.510152617819326 0.185676917466062 NA NA NA NA 3 31 34 38
"981" 4000 104 1 30.5 3.5 22.7 23 0.417279411764706 0.281798644122814 0.146939568874451 0.1 0.0043764304805976 0.000358926960672637 0.0087528609611952 3 31 34 38
"991" 4000 105 1 22.4 1.7 26.3 27.2 0.536734693877551 0.221481877842057 0.128241194353534 0.3 0.0112160113727442 0.0012605640522529 0.0224320227454885 3 31 34 38
"1001" 4000 106 1 30.9 1.7 20.2 18.9 0.470862470862471 0.489611807571134 0.145581256670974 -0.433333333333334 -0.0221735607805208 -0.00133072628818308 -0.0443471215610417 3 31 34 38
"1011" 4000 107 1 28.3 0.3 19.9 19.5 0.467136150234742 0.360720575610897 0.140755621636985 -0.133333333333333 -0.00676842205358186 -0.000412595835171456 -0.0135368441071636 3 31 34 38
"1021" 4000 108 1 31.1 0.1 15 14.5 0.397877984084881 0.437536635157394 0.166586718379362 -0.166666666666667 -0.0113005172252271 -0.000386154097003746 -0.0226010344504543 3 31 34 38
"1031" 4000 109 1 8.3 10.6 12.2 13 0.376543209876543 0.37535707610733 0.201425703554816 0.266666666666667 0.0211711352407753 0.000527787565803086 0.0423422704815507 3 31 34 38
"1041" 4000 110 1 7.1 24.6 12 11.9 0.316622691292876 0.465878602001336 0.2258998261387 -0.0333333333333332 -0.00278941655683886 -6.25700536839961e-05 -0.00557883311367768 3 31 34 38
"1051" 4000 111 1 7.5 3.7 11.7 12 0.349253731343284 0.511600789219271 0.197589599611473 0.1 0.00843926932809667 0.000186139364725196 0.0168785386561933 3 31 34 38
"1061" 4000 112 1 10.6 5.5 11.8 11.8 0.36875 0.388828373440672 0.19808748498966 0 0 0 0 3 31 34 38
"1071" 4000 113 1 13 5.5 10.8 NA 0.348387096774194 0.444056976680795 0.205937498290095 NA NA NA NA 3 31 34 38
"1081" 4000 114 1 15 5.3 11.9 11.3 0.370716510903427 0.407252990970829 0.196583477705146 -0.2 -0.0172452247997296 -0.000364424747816416 -0.0344904495994592 3 31 34 38
"1091" 4000 115 1 11.4 8.3 12.2 13 0.376543209876543 0.516134105809538 0.205920290593652 0.266666666666667 0.0211711352407753 0.000527787565803086 0.0423422704815507 3 31 34 38
"1101" 4000 116 1 5.3 7.5 11.7 12.3 0.349253731343284 0.495239343006607 0.213975832181496 0.2 0.0166701401915538 0.000376991118430777 0.0333402803831077 3 31 34 38
"1111" 4000 117 1 7.9 10.6 11.8 12.5 0.36875 0.369457602078359 0.220746432156873 0.233333333333333 0.0192097042788787 0.000445320758646353 0.0384194085577575 3 31 34 38
"1121" 4000 118 1 5.7 17.2 11.9 12.1 0.314814814814815 0.524715054752673 0.226714783915464 0.0666666666666664 0.00555568416173721 0.000125663706143591 0.0111113683234745 3 31 34 38
"1131" 4000 119 1 1.9 24 10.7 10.9 0.292349726775956 0.483880091768401 0.231258851661606 0.066666666666667 0.00617301592241251 0.000113097335529232 0.012346031844825 3 31 34 38
"1141" 4000 120 1 16.2 25.2 12.1 12.4 0.266519823788546 0.666244423289918 0.224792238304599 0.1 0.00816367333609864 0.000192422550032374 0.0163273466721971 3 31 34 38
"1151" 4000 121 1 1.5 35.1 13.3 13.5 0.312941176470588 0.455106116777975 0.189849608306043 0.0666666666666664 0.00497521673889186 0.000140324471860344 0.00995043347778376 3 31 34 38
"1161" 4000 122 1 26.9 36.5 11.7 NA 0.270833333333333 0.465437209296843 0.188555242291221 NA NA NA NA 3 31 34 38
"1171" 4000 123 1 27.7 36.7 10.9 NA 0.257075471698113 0.453442763925366 0.225442323571476 NA NA NA NA 3 31 34 38
"1181" 4000 124 1 33.1 37.1 12.7 14.6 0.287330316742081 0.31571434614735 0.177024958029887 0.633333333333333 0.0464731784165817 0.00135795342451419 0.0929463568331634 3 31 34 38
"1191" 4000 125 1 21 31.3 10.7 NA 0.253554502369668 0.526792863875292 0.243163485834776 NA NA NA NA 3 31 34 38
"1201" 4000 126 1 21.8 29.1 11.8 10.7 0.272517321016166 0.421140268883934 0.229526926372494 -0.366666666666667 -0.0326185966679196 -0.000647953484802895 -0.0652371933358391 3 31 34 38
"1211" 4000 127 1 18.4 23 14.3 NA 0.300420168067227 0.652342477362457 0.188863241416428 NA NA NA NA 3 31 34 38
"1221" 4000 128 1 24 12.8 12.4 12.4 0.281179138321995 0.599121665487079 0.222146426339868 0 0 0 0 3 31 34 38
"1231" 4000 129 1 21 9.7 11 10.6 0.257611241217799 0.5141976666466 0.229257315358976 -0.133333333333333 -0.0123470905601164 -0.000226194671058465 -0.0246941811202328 3 31 34 38
"1241" 4000 130 1 22.1 3.8 11.5 11.6 0.304232804232804 0.660471234047154 0.205074226886356 0.0333333333333332 0.00288602091437151 6.04756585816027e-05 0.00577204182874297 3 31 34 38
"1251" 4000 131 1 7.3 30.3 10.5 NA 0.292479108635098 0.543144370495478 0.25886748057581 NA NA NA NA 3 31 34 38
"128" 4000 7 1 9.8 3.3 20 22.4 0.45766590389016 0.317071344782729 0.134666500570939 0.799999999999999 0.0377762284356677 0.00266407057024414 0.0755524568713354 3 34 34 38
"212" 4000 8 1 4.5 4.3 23.7 28.1 0.518599562363238 0.204654441364264 0.119910714196751 1.46666666666667 0.0567648427328716 0.00596693164671822 0.113529685465743 3 34 34 38
"310" 4000 9 1 1.1 4.7 15.7 16.9 0.398477157360406 0.438606807358714 0.139943610028129 0.4 0.0245509698582551 0.00102415920507027 0.0491019397165102 3 34 34 38
"412" 4000 10 1 3.9 6.7 19.5 22.2 0.451388888888889 0.452044680829769 0.136679478076522 0.9 0.0432259411028442 0.00294759930723062 0.0864518822056883 3 34 34 38
"512" 4000 11 1 15.8 7.5 16 17.5 0.421052631578947 0.436321266283663 0.165810382442634 0.5 0.029870719563229 0.00131554192369072 0.059741439126458 3 34 34 38
"612" 4000 12 1 13.6 9.7 22 26.7 0.481400437636761 0.220468648196957 0.144058182600635 1.56666666666667 0.0645403706826293 0.00599232618733473 0.129080741365259 3 34 34 38
"712" 4000 13 1 2.7 12.8 15.1 15.7 0.362980769230769 0.318301288766297 0.160676687862535 0.2 0.0129886561777946 0.000483805268652829 0.0259773123555892 3 34 34 38
"812" 4000 14 1 14 13.2 16.6 18.4 0.430051813471503 0.405862565232445 0.171225260798684 0.599999999999999 0.0343159897508141 0.00164933614313464 0.0686319795016282 3 34 34 38
"910" 4000 15 1 12 13.4 11.2 NA 0.337349397590361 0.465569073916307 0.209184053930086 NA NA NA NA 3 34 34 38
"1012" 4000 16 1 10.2 14.8 19.7 23.1 0.47242206235012 0.290218370993814 0.156931294423385 1.13333333333333 0.0530713272612684 0.00380970469125323 0.106142654522537 3 34 34 38
"1112" 4000 17 1 3.1 14.8 16.6 18.4 0.385150812064965 0.346839616377256 0.157750256523386 0.599999999999999 0.0343159897508141 0.00164933614313464 0.0686319795016282 3 34 34 38
"129" 4000 18 1 8.6 15.6 20.8 23.3 0.439746300211417 0.310596449700113 0.151585073887978 0.833333333333333 0.0378334579547942 0.00288633825048562 0.0756669159095884 3 34 34 38
"132" 4000 19 1 4.9 15.8 16.6 17.3 0.385150812064965 0.387922873504298 0.164981628740533 0.233333333333333 0.0137679353804119 0.000621249947247382 0.0275358707608238 3 34 34 38
"142" 4000 20 1 4.1 16.8 13.1 NA 0.330808080808081 0.477860343248229 0.184672445501735 NA NA NA NA 3 34 34 38
"152" 4000 21 1 14.8 17 20.4 21.6 0.371584699453552 0.367167639481732 0.156428889379904 0.400000000000001 0.0190528046133163 0.00131946891450772 0.0381056092266325 3 34 34 38
"172" 4000 23 1 7.9 20.4 17.7 20.2 0.400452488687783 0.475768215595264 0.171169218184058 0.833333333333333 0.0440393216091252 0.00248054919939694 0.0880786432182504 3 34 34 38
"182" 4000 24 1 5.1 20.6 26.5 29.2 0.469858156028369 0.228061989877594 0.137915289408792 0.9 0.0323413254273532 0.0039372009931114 0.0646826508547063 3 34 34 38
"192" 4000 25 1 5.1 20.8 23.5 26.6 0.47 0.897480431329874 0.142928251899605 1.03333333333333 0.0413035982125134 0.00406600629190859 0.0826071964250268 3 34 34 38
"202" 4000 26 1 2.1 21.4 18.1 19.4 0.405829596412556 0.450636079421654 0.163817769156832 0.433333333333332 0.0231203759325008 0.00127627201552085 0.0462407518650015 3 34 34 38
"213" 4000 27 1 16.2 22.6 34.5 37.9 0.506607929515419 0.208618943776744 0.110445195379066 1.13333333333333 0.0313305960170222 0.00644445373006387 0.0626611920340444 3 34 34 38
"222" 4000 28 1 12.2 22.6 21.6 23.7 0.385026737967914 0.421270858002864 0.16348393624462 0.699999999999999 0.0309272444836554 0.00249049757613331 0.0618544889673107 3 34 34 38
"232" 4000 29 1 8.6 24 14.8 NA 0.358353510895884 0.407947373333345 0.187356931167336 NA NA NA NA 3 34 34 38
"242" 4000 30 1 5.5 25.8 25.2 28.8 0.48742746615087 0.303309351252604 0.138154970771461 1.2 0.0445104642081743 0.00508938009881547 0.0890209284163484 3 34 34 38
"252" 4000 31 1 4.9 26 16.1 16.6 0.377934272300469 0.373364284286759 0.17066036158093 0.166666666666667 0.0101944744573601 0.000428041999051609 0.0203889489147201 3 34 34 38
"262" 4000 32 1 13.4 28.3 30.2 33.4 0.473354231974922 0.321971429861878 0.118585364996145 1.06666666666667 0.0335713252006102 0.00532814114048829 0.0671426504012205 3 34 34 38
"272" 4000 33 1 10.6 28.5 18 18.7 0.348837209302326 0.383646765873729 0.17268528532996 0.233333333333333 0.0127172553214587 0.000672562627256016 0.0254345106429175 3 34 34 38
"292" 4000 35 1 0.1 28.3 13 NA 0.303030303030303 0.625285614826027 0.198057564561797 NA NA NA NA 3 34 34 38
"302" 4000 36 1 1.5 30.3 29.9 32.4 0.530141843971631 0.202128519456731 0.111352498966341 0.833333333333333 0.0267666474672143 0.00407752546497175 0.0535332949344286 3 34 34 38
"322" 4000 38 1 14.8 31.5 23.5 25.4 0.411558669001751 0.568908521887017 0.121069876336035 0.633333333333333 0.0259162509581259 0.0024323781120419 0.0518325019162518 3 34 34 38
"332" 4000 39 1 14.2 33.1 33.6 37.9 0.511415525114155 0.242606778627114 0.102288632982392 1.43333333333333 0.0401416817064074 0.00804902217788484 0.0802833634128147 3 34 34 38
"352" 4000 41 1 7.3 33.9 25.5 28.5 0.46028880866426 0.282881549352843 0.127016235948932 1 0.0370752117034081 0.00424115008234622 0.0741504234068162 3 34 34 38
"362" 4000 42 1 6.3 34.7 13.7 13.9 0.314220183486239 0.394506323643509 0.18783007558451 0.066666666666667 0.00483100243418894 0.000144513262065134 0.00966200486837812 3 34 34 38
"372" 4000 43 1 3.1 34.7 23.2 26.1 0.436911487758945 0.352641101681148 0.142941321476357 0.966666666666667 0.0392610118854612 0.00374294584736444 0.0785220237709224 3 34 34 38
"382" 4000 44 1 14.8 35.3 25 27.8 0.426621160409556 0.491625991400838 0.13324466964761 0.933333333333334 0.0353867319427969 0.00387044214922263 0.0707734638855938 3 34 34 38
"392" 4000 45 1 13 36.3 15.1 16.3 0.31006160164271 0.532912661356642 0.156717996533249 0.4 0.0254901213306127 0.000986460093227196 0.0509802426612254 3 34 34 38
"402" 4000 46 1 2.9 37.1 14 15.1 0.318906605922551 0.378785719834946 0.157795533564602 0.366666666666667 0.0252124714018733 0.000838019840345076 0.0504249428037466 3 34 34 38
"422" 4000 48 1 30.9 37.7 21 24 0.395480225988701 0.271991387148956 0.125635594995766 1 0.0445104642081742 0.00353429173528852 0.0890209284163484 3 34 34 38
"432" 4000 49 1 26.5 37.3 28.1 31.3 0.466777408637874 0.310245186477458 0.120719720307151 1.06666666666667 0.0359495070688025 0.00497628276328623 0.0718990141376049 3 34 34 38
"442" 4000 50 1 21.2 36.1 32.1 35.9 0.488584474885845 0.253943543983521 0.116293377880351 1.26666666666667 0.037293755119421 0.00676489618073002 0.074587510238842 3 34 34 38
"452" 4000 51 1 27.5 36.1 28.5 30.3 0.47029702970297 0.28778001574345 0.111146170099469 0.6 0.0204145417469062 0.0027708847204662 0.0408290834938124 3 34 34 38
"462" 4000 52 1 27.1 35.1 20.1 20.9 0.385057471264368 0.350924028677565 0.143230487100851 0.266666666666666 0.0130097813019117 0.000858701991981207 0.0260195626038234 3 34 34 38
"492" 4000 55 1 19 33.5 24.2 25.6 0.429840142095915 0.412069564613595 0.125820286556673 0.466666666666667 0.018746572774292 0.00182526533173567 0.037493145548584 3 34 34 38
"502" 4000 56 1 20.8 33.3 15 NA 0.318471337579618 0.566986035383409 0.178429318479335 NA NA NA NA 3 34 34 38
"513" 4000 57 1 25.2 32.7 26.2 27.9 0.449399656946827 0.326408862769428 0.147884679074638 0.566666666666666 0.0209557593534229 0.00240776896958877 0.0419115187068457 3 34 34 38
"522" 4000 58 1 21.6 32.5 10.9 11 0.253488372093023 0.597670967716131 0.207087837787783 0.0333333333333332 0.00304416118775749 5.73340659280139e-05 0.00608832237551505 3 34 34 38
"532" 4000 59 1 18.6 31.7 28 30.7 0.454545454545455 0.342414937098203 0.13190487357423 0.9 0.0306860481393158 0.00414925849722872 0.0613720962786317 3 34 34 38
"542" 4000 60 1 19 31.7 23.3 25 0.42057761732852 0.35652170583225 0.154796356838488 0.566666666666666 0.0234741547655153 0.00214963477321882 0.0469483095310306 3 34 34 38
"552" 4000 61 1 20.4 31.3 25.2 28 0.43979057591623 0.344511255182238 0.15369387274597 0.933333333333334 0.0351201718859421 0.00389976368065613 0.0702403437718842 3 34 34 38
"562" 4000 62 1 22 31.3 18 19.2 0.359281437125749 0.407631214366782 0.183685142713005 0.4 0.0215128403791904 0.0011686724671354 0.0430256807583808 3 34 34 38
"572" 4000 63 1 26.3 31.3 28.5 30.9 0.47029702970297 0.273956181474599 0.147093499272824 0.799999999999999 0.026950698876365 0.00373221207246468 0.05390139775273 3 34 34 38
"582" 4000 64 1 21.4 30.9 12.4 13.5 0.278651685393258 0.47636827234848 0.206550987266969 0.366666666666667 0.0283310709444642 0.000745866455839777 0.0566621418889285 3 34 34 38
"592" 4000 65 1 20 30.7 13.2 NA 0.291390728476821 0.448982822798174 0.214374224998715 NA NA NA NA 3 34 34 38
"602" 4000 66 1 27.5 29.7 19.6 20.2 0.364312267657993 0.314438529186504 0.172249622876019 0.199999999999999 0.0100510127235625 0.000625176938064366 0.0201020254471249 3 34 34 38
"613" 4000 67 1 23 28.5 22.7 24.4 0.414233576642336 0.291687322359655 0.159144647394001 0.566666666666666 0.0240727359372664 0.00209622769810779 0.0481454718745328 3 34 34 38
"622" 4000 68 1 29.1 27.4 25.8 28.5 0.43 0.331487667305289 0.151704780037374 0.9 0.0331765317823444 0.00383824082452333 0.0663530635646887 3 34 34 38
"642" 4000 70 1 21.6 26.6 23.4 24.1 0.404145077720207 0.319532061872867 0.157387025630465 0.233333333333334 0.00982527271098456 0.000870482964432176 0.0196505454219691 3 34 34 38
"652" 4000 71 1 29.1 26.6 12.4 13.1 0.266094420600858 0.502942753328957 0.20452397977398 0.233333333333333 0.0183052525320382 0.000467311907221483 0.0366105050640765 3 34 34 38
"662" 4000 72 1 18.6 26.4 13.7 NA 0.284232365145228 0.502100694512245 0.211069425902242 NA NA NA NA 3 34 34 38
"682" 4000 74 1 22.2 25.6 25.3 28.5 0.423076923076923 0.307553558677255 0.152110404648212 1.06666666666667 0.0396998971803767 0.00450713826035016 0.0793997943607535 3 34 34 38
"692" 4000 75 1 19.6 25.4 14.2 15.8 0.291581108829569 0.497681044067075 0.189009129117307 0.533333333333334 0.035589325141902 0.00125663706143592 0.0711786502838041 3 34 34 38
"702" 4000 76 1 24 24.6 19.6 21 0.362292051756007 0.320792582641108 0.17086284683458 0.466666666666666 0.0229976238289838 0.00148806772025036 0.0459952476579675 3 34 34 38
"713" 4000 77 1 23.4 23.8 20.9 21.9 0.377256317689531 0.325306825113527 0.150586512947823 0.333333333333333 0.0155791592838966 0.00112050137978036 0.0311583185677932 3 34 34 38
"722" 4000 78 1 26.3 23.2 10.7 NA 0.238307349665924 0.481262054789204 0.230724660575387 NA NA NA NA 3 34 34 38
"732" 4000 79 1 32.7 23.2 34.2 39.7 0.515837104072398 0.176914623165442 0.128864054588176 1.83333333333333 0.0497085145415284 0.0106408361170964 0.0994170290830569 3 34 34 38
"752" 4000 81 1 26.9 22.8 27 30.8 0.441176470588235 0.316717136807641 0.131188516306694 1.26666666666667 0.0438926079917333 0.00575016175362052 0.0877852159834665 3 34 34 38
"762" 4000 82 1 31.5 22 19.1 20.9 0.358348968105066 0.638352819728461 0.170596424889399 0.599999999999999 0.0300202746393936 0.00188495559215387 0.0600405492787874 3 34 34 38
"772" 4000 83 1 29.1 21 11.5 12.6 0.25164113785558 0.561337341733068 0.223092353202088 0.366666666666667 0.0304499261960759 0.000694030177055545 0.060899852392152 3 34 34 38
"782" 4000 84 1 20.8 20.8 21.7 24.1 0.386120996441281 0.382278416633666 0.156971005700761 0.800000000000001 0.0349665266500652 0.00287769887068825 0.0699330533001303 3 34 34 38
"792" 4000 85 1 21.2 20 28.3 30.3 0.450636942675159 0.315190248675572 0.136495467480587 0.666666666666667 0.0227619692887105 0.00306828882500602 0.0455239385774209 3 34 34 38
"802" 4000 86 1 29.7 17.8 22.1 26.4 0.392539964476021 0.340407354652572 0.14993195620723 1.43333333333333 0.0592621338761877 0.00545982623255126 0.118524267752376 3 34 34 38
"813" 4000 87 1 27.7 17 14.7 14.9 0.314102564102564 0.385655637740213 0.1839767740433 0.066666666666667 0.00450457305557429 0.000154985237577097 0.00900914611114859 3 34 34 38
"822" 4000 88 1 21 13.8 27.4 31.2 0.460504201680672 0.301029862611397 0.130134390403291 1.26666666666667 0.0432916938071374 0.00582974876751147 0.0865833876142749 3 34 34 38
"832" 4000 89 1 21.2 11.2 29.5 33.2 0.478896103896104 0.321380970637973 0.111277546308727 1.23333333333333 0.0393865375255562 0.00607348399755248 0.0787730750511126 3 34 34 38
"842" 4000 90 1 27.9 10.8 22.8 24.3 0.415300546448087 0.526485928588826 0.149076929524551 0.5 0.0212386047953693 0.00184961267480099 0.0424772095907384 3 34 34 38
"852" 4000 91 1 25.9 10.4 32.1 35.9 0.582577132486388 0.20185225172302 0.119065565026513 1.26666666666667 0.037293755119421 0.00676489618073002 0.074587510238842 3 34 34 38
"862" 4000 92 1 25.2 9.7 12 12.2 0.272108843537415 0.947460519126708 0.180099867340679 0.0666666666666664 0.00550976731707017 0.000126710903694788 0.0110195346341404 3 34 34 38
"872" 4000 93 1 24 9.5 19.9 21 0.382692307692308 0.556705685773962 0.147171389633589 0.366666666666667 0.0179342353309921 0.00117783544570838 0.0358684706619842 3 34 34 38
"882" 4000 94 1 28.1 8.3 17.3 18.1 0.350202429149798 0.511832812459656 0.16449804914792 0.266666666666667 0.0150684789226823 0.000741415866247191 0.0301369578453645 3 34 34 38
"892" 4000 95 1 32.1 8.5 12.1 NA 0.344729344729345 0.406566231889226 0.198252564444586 NA NA NA NA 3 34 34 38
"902" 4000 96 1 29.7 7.7 15.6 15.5 0.404145077720207 0.39289514824996 0.161057861891543 -0.0333333333333332 -0.0021436301100968 -8.14196096055354e-05 -0.00428726022019362 3 34 34 38
"922" 4000 98 1 26.5 6.7 16.4 17.3 0.338144329896907 0.479961410262956 0.159646908065905 0.300000000000001 0.0178083888911935 0.000794037543194823 0.0356167777823871 3 34 34 38
"942" 4000 100 1 30.3 5.5 22.1 25.3 0.490022172949002 0.455321412739222 0.141564464101505 1.06666666666667 0.0450755957365891 0.0039709731141375 0.0901511914731782 3 34 34 38
"952" 4000 101 1 20 5.3 25 28.3 0.478927203065134 0.335719082349426 0.129857117850518 1.1 0.0413286599269971 0.00460478943199924 0.0826573198539942 3 34 34 38
"962" 4000 102 1 19.8 4.7 17.6 18.3 0.392857142857143 0.415781216210733 0.149922535640506 0.233333333333333 0.0130007192677564 0.00065790186153926 0.0260014385355127 3 34 34 38
"982" 4000 104 1 30.5 3.5 23 26 0.417422867513612 0.281715533926476 0.128537321824709 1 0.0408674406974441 0.0038484510006475 0.0817348813948883 3 34 34 38
"992" 4000 105 1 22.4 1.7 27.2 30.6 0.541832669322709 0.219221229257857 0.113646106525872 1.13333333333333 0.0392610118854612 0.00514488156902888 0.0785220237709223 3 34 34 38
"1002" 4000 106 1 30.9 1.7 18.9 20.1 0.451073985680191 0.509504066798008 0.139371975924628 0.400000000000001 0.0205192976664779 0.00122522113490002 0.0410385953329558 3 34 34 38
"1013" 4000 107 1 28.3 0.3 19.5 21.2 0.458823529411765 0.366801528920301 0.128757058159486 0.566666666666666 0.0278622387027552 0.00181138996418231 0.0557244774055104 3 34 34 38
"1022" 4000 108 1 31.1 0.1 14.5 14.8 0.386666666666667 0.44794742085003 0.143103537685475 0.1 0.00682617711451357 0.000230121661875455 0.0136523542290273 3 34 34 38
"1032" 4000 109 1 8.3 10.6 13 14.4 0.371428571428571 0.37947965958966 0.181129111676887 0.466666666666667 0.0340929497068061 0.00100426245159754 0.0681858994136121 3 34 34 38
"1042" 4000 110 1 7.1 24.6 11.9 12.5 0.309895833333333 0.473219857939724 0.191393749614701 0.2 0.0163967480635906 0.000383274303737954 0.0327934961271811 3 34 34 38
"1052" 4000 111 1 7.5 3.7 12 12.4 0.336134453781513 0.526719552016828 0.180303610022132 0.133333333333333 0.010929940940997 0.00025551620249197 0.0218598818819939 3 34 34 38
"1062" 4000 112 1 10.6 5.5 11.8 12.1 0.349112426035503 0.405782771706284 0.195556427547093 0.0999999999999996 0.00836864037702542 0.00018771016105199 0.0167372807540509 3 34 34 38
"1082" 4000 114 1 15 5.3 11.3 12.4 0.339339339339339 0.436148313220422 0.189418129891847 0.366666666666667 0.0309645822975654 0.000682511003992382 0.0619291645951308 3 34 34 38
"1092" 4000 115 1 11.4 8.3 13 13.9 0.371428571428571 0.52180285717915 0.189701766824801 0.3 0.0223131608917031 0.000633816317861742 0.0446263217834063 3 34 34 38
"1102" 4000 116 1 5.3 7.5 12.3 12.7 0.341666666666667 0.503618227452469 0.193615827942469 0.133333333333333 0.0106675770287246 0.000261799387799149 0.0213351540574491 3 34 34 38
"1113" 4000 117 1 7.9 10.6 12.5 13.6 0.36231884057971 0.374615946242899 0.194181531067449 0.366666666666667 0.0281137161445837 0.000751626042371359 0.0562274322891673 3 34 34 38
"1122" 4000 118 1 5.7 17.2 12.1 12.3 0.313471502590674 0.526353330542444 0.189864759147084 0.066666666666667 0.00546460325855886 0.000127758101245986 0.0109292065171177 3 34 34 38
"1132" 4000 119 1 1.9 24 10.9 10.9 0.29144385026738 0.48494160906177 0.232559509377148 0 0 0 0 3 34 34 38
"1142" 4000 120 1 16.2 25.2 12.4 13.1 0.264392324093817 0.66988902120307 0.189066658721882 0.233333333333333 0.0183052525320382 0.000467311907221483 0.0366105050640765 3 34 34 38
"1152" 4000 121 1 1.5 35.1 13.5 14.8 0.311059907834101 0.45710479526084 0.178981198660788 0.433333333333334 0.0306458317752285 0.000963159947713072 0.0612916635504571 3 34 34 38
"1182" 4000 124 1 33.1 37.1 14.6 14.2 0.312633832976445 0.297246663634144 0.155493243704158 -0.133333333333333 -0.00925985470235857 -0.000301592894744621 -0.0185197094047172 3 34 34 38
"1202" 4000 126 1 21.8 29.1 10.7 10.7 0.25 0.446450305205775 0.207325749645836 0 0 0 0 3 34 34 38
"1222" 4000 128 1 24 12.8 12.4 12.6 0.278651685393258 0.602889763422015 0.19296345304609 0.0666666666666664 0.00533344711548037 0.000130899693899575 0.0106668942309608 3 34 34 38
"1232" 4000 129 1 21 9.7 10.6 NA 0.24824355971897 0.527104102748635 0.206321638507696 NA NA NA NA 3 34 34 38
"1242" 4000 130 1 22.1 3.8 11.6 11.9 0.298969072164948 0.668775586000451 0.18414112378828 0.1 0.00851110066838828 0.000184568568398401 0.0170222013367766 3 34 34 38
"1261" 4000 132 1 7.2 7.7 10.5 12.2 0.307017543859649 0.48280019979794 0.207092663653837 0.566666666666666 0.0500202315252444 0.00101028383751692 0.100040463050489 3 34 34 38
